абсолютно & август | августин: 8,9,11,17,58,62,66,12,25,28,30,37,50,56

абсолютно | август | августин: 8,9,11,17,58,62,66,2,4,5,6,7,10,12,13,14,15,16,18,20,21,23,24,25,26,27,28,29,30,31,33,34,36,37,38,40,43,44,45,46,48,49,50,51,52,53,56,57,59,61,63,64,67,68,69,70,71,72,73,74,75,76,78,79,80,81,82,83,84,85,86,91,94,47,60,93

абсолютно & август & августин: 9

абсолютно & !август| !августин: 

абсолютно | !август | !августин: 9,12,25,28,30,37,47,50,56,60,93

абсолютно: 9,12,25,28,30,37,47,50,56,60,93

август: 2,4,5,6,7,8,9,10,11,12,13,14,15,16,17,18,20,21,23,24,25,26,27,28,29,30,31,33,34,36,37,38,40,43,44,45,46,48,49,50,51,52,53,56,57,58,59,61,62,63,64,66,67,68,69,70,71,72,73,74,75,76,78,79,80,81,82,83,84,85,86,91,94

августин: 8,9,11,17,58,62,66

абсолютно & август: 9,12,25,28,30,37,50,56

абсолютно & !август: 

абсолютно & август & !августин: 

